198101	-5.60935	504100
198101	-5.61516	504108
198102	-1.71039	504100
198102	-1.72005	504108
198103	6.02993	504100
198103	6.0146	504108
198104	9.25804	504100
198104	9.24407	504108
198105	12.6723	504100
198105	12.657	504108
198106	16.9741	504100
198106	16.9585	504108
198107	17.4638	504100
198107	17.4496	504108
198108	17.8512	504100
198108	17.8374	504108
198109	15.1897	504100
198109	15.1775	504108
198110	10.2845	504100
198110	10.2723	504108
198111	2.96923	504100
198111	2.95849	504108
198112	-2.73551	504100
198112	-2.74655	504108
198201	-3.60333	504100
198201	-3.61212	504108
198202	-2.41202	504100
198202	-2.42267	504108
198203	3.32697	504100
198203	3.30874	504108
198204	7.10169	504100
198204	7.08458	504108
198205	13.1741	504100
198205	13.1585	504108
198206	17.6767	504100
198206	17.6617	504108
198207	19.5304	504100
198207	19.5142	504108
198208	18.3864	504100
198208	18.3706	504108
198209	16.9159	504100
198209	16.9039	504108
198210	9.98995	504100
198210	9.97604	504108
198211	4.58919	504100
198211	4.57605	504108
198212	0.795988	504100
198212	0.784827	504108
198301	-0.643835	504100
198301	-0.653804	504108
198302	-3.10514	504100
198302	-3.11895	504108
198303	5.24791	504100
198303	5.23044	504108
198304	10.0952	504100
198304	10.0782	504108
198305	13.4221	504100
198305	13.4037	504108
198306	16.9087	504100
198306	16.8965	504108
198307	21.4512	504100
198307	21.4374	504108
198308	18.2288	504100
198308	18.2157	504108
198309	14.5857	504100
198309	14.5743	504108
198310	9.28798	504100
198310	9.27605	504108
198311	0.492113	504100
198311	0.482691	504108
198312	-1.54196	504100
198312	-1.55593	504108
198401	-3.19285	504100
198401	-3.2047	504108
198402	-1.27688	504100
198402	-1.29176	504108
198403	2.3764	504100
198403	2.36029	504108
198404	7.09636	504100
198404	7.07894	504108
198405	11.4244	504100
198405	11.4054	504108
198406	15.8967	504100
198406	15.8809	504108
198407	17.4211	504100
198407	17.4048	504108
198408	17.423	504100
198408	17.4083	504108
198409	13.6682	504100
198409	13.6536	504108
198410	10.1386	504100
198410	10.1262	504108
198411	3.06577	504100
198411	3.05113	504108
198412	-0.407887	504100
198412	-0.417309	504108
198501	-7.12257	504100
198501	-7.13194	504108
198502	-1.95939	504100
198502	-1.96778	504108
198503	3.22923	504100
198503	3.21682	504108
198504	8.16819	504100
198504	8.15233	504108
198505	13.4725	504100
198505	13.4569	504108
198506	15.4721	504100
198506	15.457	504108
198507	19.4682	504100
198507	19.4536	504108
198508	18.1939	504100
198508	18.1782	504108
198509	15.7512	504100
198509	15.7374	504108
198510	9.08501	504100
198510	9.07632	504108
198511	0.773568	504100
198511	0.761771	504108
198512	-0.0198102	504100
198512	-0.0275695	504108
198601	-3.32153	504100
198601	-3.33322	504108
198602	-4.26611	504100
198602	-4.27889	504108
198603	2.27234	504100
198603	2.25703	504108
198604	8.3764	504100
198604	8.36029	504108
198605	16.1126	504100
198605	16.0966	504108
198606	16.2592	504100
198606	16.2411	504108
198607	17.9682	504100
198607	17.9536	504108
198608	18.5767	504100
198608	18.5617	504108
198609	14.1728	504100
198609	14.1583	504108
198610	9.63389	504100
198610	9.62111	504108
198611	3.46923	504100
198611	3.45849	504108
198612	-3.51483	504100
198612	-3.52404	504108
198701	-6.53648	504100
198701	-6.54706	504108
198702	-1.61967	504100
198702	-1.63136	504108
198703	-1.10324	504100
198703	-1.11553	504108
198704	9.06348	504100
198704	9.0431	504108
198705	11.7767	504100
198705	11.7617	504108
198706	16.2268	504100
198706	16.2088	504108
198707	19.6682	504100
198707	19.6536	504108
198708	17.6827	504100
198708	17.6667	504108
198709	17.3102	504100
198709	17.2967	504108
198710	10.1512	504100
198710	10.1374	504108
198711	3.87357	504100
198711	3.86177	504108
198712	0.192884	504100
198712	0.182335	504108
198801	0.466687	504100
198801	0.454814	504108
198802	0.747397	504100
198802	0.732976	504108
198803	3.30244	504100
198803	3.28607	504108
198804	8.96706	504100
198804	8.94982	504108
198805	13.9091	504100
198805	13.8915	504108
198806	16.0742	504100
198806	16.0589	504108
198807	19.7977	504100
198807	19.781	504108
198808	19.058	504100
198808	19.0441	504108
198809	14.3787	504100
198809	14.3632	504108
198810	10.8916	504100
198810	10.8806	504108
198811	-0.346825	504100
198811	-0.360565	504108
198812	-0.207116	504100
198812	-0.218938	504108
198901	-1.37847	504100
198901	-1.38855	504108
198902	2.79288	504100
198902	2.78106	504108
198903	6.85563	504100
198903	6.83563	504108
198904	9.47253	504100
198904	9.45688	504108
198905	12.9976	504100
198905	12.9801	504108
198906	15.3443	504100
198906	15.325	504108
198907	18.7668	504100
198907	18.7501	504108
198908	18.2387	504100
198908	18.2197	504108
198909	14.6928	504100
198909	14.6764	504108
198910	9.45804	504100
198910	9.44407	504108
198911	2.05475	504100
198911	2.04286	504108
198912	-0.14809	504100
198912	-0.158753	504108
199001	-1.81955	504100
199001	-1.82807	504108
199002	4.56819	504100
199002	4.5536	504108
199003	7.17044	504100
199003	7.1536	504108
199004	7.65922	504100
199004	7.64108	504108
199005	14.5152	504100
199005	14.4976	504108
199006	16.2556	504100
199006	16.2356	504108
199007	18.3152	504100
199007	18.2976	504108
199008	18.3649	504100
199008	18.3466	504108
199009	13.1767	504100
199009	13.1617	504108
199010	10.1395	504100
199010	10.1264	504108
199011	3.06669	504100
199011	3.05481	504108
199012	-2.6211	504100
199012	-2.63259	504108
199101	-3.20448	504100
199101	-3.21117	504108
199102	-3.79043	504100
199102	-3.79807	504108
199103	6.62225	504100
199103	6.60661	504108
199104	7.54433	504100
199104	7.52499	504108
199105	10.3921	504100
199105	10.3694	504108
199106	16.4843	504100
199106	16.4693	504108
199107	19.9439	504100
199107	19.924	504108
199108	19.3444	504100
199108	19.3275	504108
199109	16.2498	504100
199109	16.2364	504108
199110	8.07021	504100
199110	8.05511	504108
199111	2.77357	504100
199111	2.76177	504108
199112	-3.01898	504100
199112	-3.03038	504108
199201	-1.3211	504100
199201	-1.33259	504108
199202	1.75804	504100
199202	1.74407	504108
199203	5.16819	504100
199203	5.1536	504108
199204	8.65563	504100
199204	8.63563	504108
199205	14.1691	504100
199205	14.1513	504108
199206	17.1556	504100
199206	17.1356	504108
199207	19.9728	504100
199207	19.9583	504108
199208	22.2442	504100
199208	22.2286	504108
199209	15.2416	504100
199209	15.2266	504108
199210	8.23847	504100
199210	8.22544	504108
199211	4.35877	504100
199211	4.3479	504108
199212	-1.90999	504100
199212	-1.92095	504108
199301	-1.39285	504100
199301	-1.40343	504108
199302	-0.290408	504100
199302	-0.301245	504108
199303	4.35191	504100
199303	4.33751	504108
199304	9.66348	504100
199304	9.6431	504108
199305	15.4548	504100
199305	15.4371	504108
199306	17.5292	504100
199306	17.5095	504108
199307	18.2359	504100
199307	18.217	504108
199308	19.1556	504100
199308	19.1414	504108
199309	13.9175	504100
199309	13.8994	504108
199310	9.92448	504100
199310	9.91051	504108
199311	1.5955	504100
199311	1.58401	504108
199312	-1.09535	504100
199312	-1.10617	504108
199401	0.572956	504100
199401	0.562094	504108
199402	0.630175	504100
199402	0.61787	504108
199403	8.48527	504100
199403	8.46882	504108
199404	8.16493	504100
199404	8.14663	504108
199405	14.1479	504100
199405	14.1304	504108
199406	17.6138	504100
199406	17.5962	504108
199407	20.9785	504100
199407	20.9622	504108
199408	20.4952	504100
199408	20.4782	504108
199409	16.1682	504100
199409	16.1536	504108
199410	8.05804	504100
199410	8.04407	504108
199411	6.39211	504100
199411	6.38269	504108
199412	0.274931	504100
199412	0.264043	504108
199501	-2.13453	504100
199501	-2.14519	504108
199502	2.42164	504100
199502	2.40866	504108
199503	3.50169	504100
199503	3.48458	504108
199504	9.57059	504100
199504	9.54802	504108
199505	13.5794	504100
199505	13.561	504108
199506	15.6221	504100
199506	15.6037	504108
199507	20.9163	504100
199507	20.8998	504108
199508	17.8939	504100
199508	17.8782	504108
199509	13.2682	504100
199509	13.2536	504108
199510	10.9673	504100
199510	10.9551	504108
199511	3.12009	504100
199511	3.11072	504108
199512	-1.40789	504100
199512	-1.41731	504108
199601	-2.0045	504100
199601	-2.01599	504108
199602	-2.72613	504100
199602	-2.73685	504108
199603	1.37021	504100
199603	1.35511	504108
199604	9.00001	504100
199604	8.9828	504108
199605	14.306	504100
199605	14.2886	504108
199606	17.9394	504100
199606	17.92	504108
199607	17.5042	504100
199607	17.4865	504108
199608	17.9682	504100
199608	17.9536	504108
199609	11.9306	504100
199609	11.9142	504108
199610	9.18722	504100
199610	9.1748	504108
199611	5.45877	504100
199611	5.4479	504108
199612	-3.03077	504100
199612	-3.04151	504108
199701	-2.36065	504100
199701	-2.36837	504108
199702	2.14556	504100
199702	2.13211	504108
199703	5.8955	504100
199703	5.88401	504108
199704	7.36706	504100
199704	7.34855	504108
199705	14.3114	504100
199705	14.2944	504108
199706	17.4488	504100
199706	17.429	504108
199707	18.1	504100
199707	18.0828	504108
199708	18.79	504100
199708	18.776	504108
199709	15.43	504100
199709	15.4176	504108
199710	8.18347	504100
199710	8.16822	504108
199711	3.89812	504100
199711	3.88802	504108
199712	0.498122	504100
199712	0.488017	504108
199801	0.398122	504100
199801	0.388017	504108
199802	3.8468	504100
199802	3.83594	504108
199803	4.34791	504100
199803	4.33044	504108
199804	9.26135	504100
199804	9.24118	504108
199805	13.7443	504100
199805	13.725	504108
199806	18.5702	504100
199806	18.5551	504108
199807	19.609	504100
199807	19.5911	504108
199808	19.6456	504100
199808	19.6321	504108
199809	14.0833	504100
199809	14.0714	504108
199810	10.1486	504100
199810	10.1347	504108
199811	1.80355	504100
199811	1.79241	504108
199812	-3.33808	504100
199812	-3.3481	504108
199901	-2.23118	504100
199901	-2.24327	504108
199902	-0.53838	504100
199902	-0.550483	504108
199903	6.08104	504100
199903	6.06495	504108
199904	10.0556	504100
199904	10.0356	504108
199905	15.1671	504100
199905	15.1485	504108
199906	17.2456	504100
199906	17.2308	504108
199907	19.4268	504100
199907	19.4088	504108
199908	18.9858	504100
199908	18.9741	504108
199909	16.6814	504100
199909	16.668	504108
199910	10.5858	504100
199910	10.5741	504108
199911	1.88584	504100
199911	1.87414	504108
199912	-2.38505	504100
199912	-2.39278	504108
200001	-4.31233	504100
200001	-4.32129	504108
200002	2.21038	504100
200002	2.19692	504108
200003	5.92658	504100
200003	5.90767	504108
200004	11.7512	504100
200004	11.7316	504108
200005	15.2578	504100
200005	15.2375	504108
200006	18.5671	504100
200006	18.5485	504108
200007	17.7686	504100
200007	17.7465	504108
200008	19.9556	504100
200008	19.9356	504108
200009	14.9748	504100
200009	14.9598	504108
200010	11.3433	504100
200010	11.3262	504108
200011	6.26375	504100
200011	6.24962	504108
200012	1.36923	504100
200012	1.35849	504108
200101	0.151174	504100
200101	0.137414	504108
200102	2.76683	504100
200102	2.75133	504108
200103	7.29319	504100
200103	7.2755	504108
200104	7.96135	504100
200104	7.94118	504108
200105	15.5175	504100
200105	15.4994	504108
200106	16.5444	504100
200106	16.5275	504108
200107	19.7613	504100
200107	19.7412	504108
200108	20.4219	504100
200108	20.4034	504108
200109	12.6556	504100
200109	12.6356	504108
200110	12.858	504100
200110	12.8441	504108
200111	2.50588	504100
200111	2.49442	504108
200112	-4.22643	504100
200112	-4.23823	504108
200201	-2.20789	504100
200201	-2.21731	504108
200202	3.59486	504100
200202	3.58105	504108
200203	6.96819	504100
200203	6.9536	504108
200204	8.57854	504100
200204	8.56221	504108
200205	15.3127	504100
200205	15.2944	504108
200206	19.5578	504100
200206	19.5375	504108
200207	19.8488	504100
200207	19.829	504108
200208	18.9785	504100
200208	18.9622	504108
200209	13.809	504100
200209	13.7911	504108
200210	10.0279	504100
200210	10.0146	504108
200211	7.17428	504100
200211	7.16179	504108
200212	0.637468	504100
200212	0.626561	504108
200301	-2.85692	504100
200301	-2.86813	504108
200302	-2.72242	504100
200302	-2.7367	504108
200303	5.92416	504100
200303	5.91131	504108
200304	8.16135	504100
200304	8.14118	504108
200305	15.8674	504100
200305	15.8465	504108
200306	21.3635	504100
200306	21.3431	504108
200307	20.2947	504100
200307	20.2772	504108
200308	22.1635	504100
200308	22.1431	504108
200309	13.7224	504100
200309	13.7044	504108
200310	7.26348	504100
200310	7.2431	504108
200311	5.77069	504100
200311	5.75634	504108
200312	-0.332668	504100
200312	-0.344934	504108
200401	-2.92394	504100
200401	-2.94023	504108
200402	0.734995	504100
200402	0.715619	504108
200403	2.99233	504100
200403	2.97563	504108
200404	9.33453	504100
200404	9.3146	504108
200405	12.249	504100
200405	12.2275	504108
200406	17.0138	504100
200406	16.9962	504108
200407	18.8635	504100
200407	18.8431	504108
200408	19.1686	504100
200408	19.1465	504108
200409	14.4671	504100
200409	14.4498	504108
200410	11.526	504100
200410	11.5099	504108
200411	3.57253	504100
200411	3.55688	504108
200412	-0.929306	504100
200412	-0.943655	504108
200501	-2.19492	504100
200501	-2.21064	504108
200502	-1.88497	504100
200502	-1.90017	504108
200503	3.57553	504100
200503	3.55761	504108
200504	8.98795	504100
200504	8.96639	504108
200505	14.7647	504100
200505	14.7431	504108
200506	18.1486	504100
200506	18.1293	504108
200507	19.2556	504100
200507	19.2356	504108
200508	17.1779	504100
200508	17.1617	504108
200509	15.2439	504100
200509	15.224	504108
200510	10.1723	504100
200510	10.157	504108
200511	3.16819	504100
200511	3.1536	504108
200512	-3.03761	504100
200512	-3.05393	504108
200601	-4.95927	504100
200601	-4.96647	504108
200602	-1.42169	504100
200602	-1.43287	504108
200603	2.67033	504100
200603	2.65552	504108
200604	9.65777	504100
200604	9.63755	504108
200605	13.6747	504100
200605	13.656	504108
200606	18.0556	504100
200606	18.0356	504108
200607	21.871	504100
200607	21.8548	504108
200608	16.7742	504100
200608	16.7589	504108
200609	16.4671	504100
200609	16.4498	504108
200610	11.7784	504100
200610	11.7652	504108
200611	5.17847	504100
200611	5.16678	504108
200612	0.785169	504100
200612	0.775963	504108
200701	1.99833	504100
200701	1.98772	504108
200702	3.86819	504100
200702	3.8536	504108
200703	6.07234	504100
200703	6.05703	504108
200704	12.4635	504100
200704	12.4431	504108
200705	15.5903	504100
200705	15.5724	504108
200706	19.2635	504100
200706	19.2431	504108
200707	19.7334	504100
200707	19.7147	504108
200708	18.5875	504100
200708	18.5708	504108
200709	13.1976	504100
200709	13.1814	504108
200710	8.87843	504100
200710	8.86522	504108
200711	3.41515	504100
200711	3.40173	504108
200712	-1.23065	504100
200712	-1.24342	504108
200801	1.09425	504100
200801	1.08461	504108
200802	3.01377	504100
200802	2.99615	504108
200803	4.76736	504100
200803	4.74651	504108
200804	8.81273	504100
200804	8.79435	504108
200805	15.0794	504100
200805	15.061	504108
200806	18.7556	504100
200806	18.7356	504108
200807	19.7439	504100
200807	19.724	504108
200808	19.4313	504100
200808	19.4128	504108
200809	13.8703	504100
200809	13.8555	504108
200810	10.9498	504100
200810	10.9364	504108
200811	4.53492	504100
200811	4.51567	504108
200812	-0.446708	504100
200812	-0.460974	504108
200901	-3.14883	504100
200901	-3.16259	504108
200902	0.453292	504100
200902	0.437752	504108
200903	4.61748	504100
200903	4.5994	504108
200904	11.3512	504100
200904	11.3316	504108
200905	16.1902	504100
200905	16.1743	504108
200906	17.1488	504100
200906	17.129	504108
200907	19.814	504100
200907	19.7949	504108
200908	20.7114	504100
200908	20.6944	504108
200909	16.1268	504100
200909	16.1088	504108
200910	9.84769	504100
200910	9.83142	504108
200911	5.21495	504100
200911	5.20682	504108
200912	-0.8211	504100
200912	-0.832591	504108
201001	-2.93752	504100
201001	-2.95195	504108
201002	-0.231807	504100
201002	-0.246398	504108
201003	4.57107	504100
201003	4.54925	504108
201004	9.59711	504100
201004	9.58043	504108
201005	13.9674	504100
201005	13.9465	504108
201006	18.2114	504100
201006	18.1944	504108
201007	21.3437	504100
201007	21.3243	504108
201008	18.9758	504100
201008	18.9543	504108
201009	13.5787	504100
201009	13.5632	504108
201010	8.15804	504100
201010	8.14407	504108
201011	5.40432	504100
201011	5.39205	504108
201012	-2.78102	504100
201012	-2.79282	504108
201101	-1.42643	504100
201101	-1.43823	504108
201102	0.539369	504100
201102	0.529985	504108
201103	5.61342	504100
201103	5.59646	504108
201104	11.8999	504100
201104	11.8832	504108
201105	14.7371	504100
201105	14.718	504108
201106	18.0488	504100
201106	18.029	504108
201107	18.9985	504100
201107	18.9811	504108
201108	20.3614	504100
201108	20.343	504108
201109	17.8779	504100
201109	17.8617	504108
201110	8.89798	504100
201110	8.88447	504108
201111	2.80409	504100
201111	2.79306	504108
201112	0.335654	504100
201112	0.322996	504108
201201	-1.09241	504100
201201	-1.1061	504108
201202	-2.70218	504100
201202	-2.71422	504108
201203	8.20306	504100
201203	8.19159	504108
201204	9.7509	504100
201204	9.7309	504108
201205	14.5755	504100
201205	14.557	504108
201206	19.4987	504100
201206	19.4791	504108
201207	20.6203	504100
201207	20.6024	504108
201208	20.5799	504100
201208	20.5632	504108
201209	15.3863	504100
201209	15.3708	504108
201210	10.1728	504100
201210	10.1583	504108
201211	6.09117	504100
201211	6.07604	504108
201212	-1.46187	504100
201212	-1.4752	504108
201301	-0.205752	504100
201301	-0.215392	504108
201302	-0.929488	504100
201302	-0.944626	504108
201303	2.73252	504100
201303	2.71756	504108
201304	10.6159	504100
201304	10.5984	504108
201305	13.6668	504100
201305	13.6501	504108
201306	17.8313	504100
201306	17.8128	504108
201307	21.7639	504100
201307	21.747	504108
201308	20.4666	504100
201308	20.45	504108
201309	15.109	504100
201309	15.0925	504108
201310	11.4728	504100
201310	11.4583	504108
201311	4.97801	504100
201311	4.96576	504108
201312	0.773568	504100
201312	0.761771	504108
201401	1.95877	504100
201401	1.9479	504108
201402	2.55668	504100
201402	2.54179	504108
201403	7.4442	504100
201403	7.42856	504108
201404	11.3578	504100
201404	11.3375	504108
201405	13.8827	504100
201405	13.8667	504108
201406	18.1853	504100
201406	18.1688	504108
201407	19.4488	504100
201407	19.429	504108
201408	18.1671	504100
201408	18.1498	504108
201409	15.3748	504100
201409	15.3598	504108
201410	12.5625	504100
201410	12.5481	504108
201411	7.66375	504100
201411	7.64962	504108
201412	1.25475	504100
201412	1.24286	504108
201501	0.769233	504100
201501	0.758491	504108
201502	1.05804	504100
201502	1.04407	504108
201503	5.65117	504100
201503	5.63741	504108
201504	10.1671	504100
201504	10.1498	504108
201505	15.1578	504100
201505	15.1375	504108
201506	18.5488	504100
201506	18.529	504108
201507	22.246	504100
201507	22.2259	504108
201508	20.6613	504100
201508	20.6412	504108
201509	14.5939	504100
201509	14.5782	504108
201510	9.56375	504100
201510	9.54962	504108
201511	5.71819	504100
201511	5.70705	504108
201512	1.04652	504100
201512	1.05035	504108
201601	-0.511752	504100
201601	-0.517428	504108
201602	3.58637	504100
201602	3.57059	504108
201603	5.44366	504100
201603	5.42427	504108
201604	11.1217	504100
201604	11.1035	504108
201605	13.7242	504100
201605	13.7018	504108
201606	18.0834	504100
201606	18.0619	504108
201607	20.7616	504100
201607	20.741	504108
201608	18.7766	504100
201608	18.7613	504108
201609	16.9928	504100
201609	16.9764	504108
201610	9.72173	504100
201610	9.70353	504108
201611	5.12323	504100
201611	5.11656	504108
201612	-0.138838	504100
201612	-0.142914	504108
201701	-4.92547	504100
201701	-4.93041	504108
201702	3.08566	504100
201702	3.07556	504108
201703	8.53804	504100
201703	8.51896	504108
201704	10.1794	504100
201704	10.161	504108
201705	15.3149	504100
201705	15.2924	504108
201706	19.8185	504100
201706	19.7978	504108
201707	20.4392	504100
201707	20.4147	504108
201708	20.9067	504100
201708	20.8893	504108
201709	13.3524	504100
201709	13.3344	504108
201710	11.2159	504100
201710	11.2039	504108
201711	3.77794	504100
201711	3.76791	504108
201712	-0.522351	504100
201712	-0.527127	504108
201801	2.35666	504100
201801	2.34629	504108
201802	-1.48855	504100
201802	-1.50562	504108
201803	3.30116	504100
201803	3.28689	504108
201804	13.2004	504100
201804	13.1799	504108
201805	16.1762	504100
201805	16.1604	504108
201806	19.0556	504100
201806	19.0356	504108
201807	20.389	504100
201807	20.3688	504108
201808	21.1616	504100
201808	21.1397	504108
201809	16.7976	504100
201809	16.7814	504108
201810	11.6208	504100
201810	11.6085	504108
201811	6.40602	504100
201811	6.39152	504108
201812	0.593154	504100
201812	0.58758	504108
201901	-0.97077	504100
201901	-0.983177	504108
201902	2.65687	504100
201902	2.64448	504108
201903	7.08339	504100
201903	7.06187	504108
201904	9.91489	504100
201904	9.89238	504108
201905	11.2441	504100
201905	11.2225	504108
201906	21.2647	504100
201906	21.2431	504108
201907	21.0805	504100
201907	21.0568	504108
201908	20.9149	504100
201908	20.8924	504108
201909	15.6578	504100
201909	15.6375	504108
201910	12.1603	504100
201910	12.1461	504108
201911	5.77033	504100
201911	5.75552	504108
201912	1.3789	504100
201912	1.36741	504108
202001	0.787494	504100
202001	0.784741	504108
202002	4.74409	504100
202002	4.73075	504108
202003	5.3723	504100
202003	5.3555	504108
202004	10.7567	504100
202004	10.7343	504108
202005	13.6758	504100
202005	13.6543	504108
202006	17.413	504100
202006	17.3877	504108
202007	19.5948	504100
202007	19.5724	504108
202008	20.3784	504100
202008	20.3549	504108
202009	15.9827	504100
202009	15.9667	504108
202010	10.0808	504100
202010	10.0633	504108
202011	3.922	504100
202011	3.91504	504108
202012	-0.128752	504100
202012	-0.140001	504108
